焼きなましするだけ？

ワーシャルフロイド1回も回らないのでは？
→ ローカルテスターを見ると、ダイクストラをしている
　辺がO(N)なので、このほうが速い

コスト計算が重く、100回くらいしか回らない。

全点対間距離を求めなくても、中央 or 数個の頂点からの距離で良いのでは？
- 少なくとも、孤立点を無くそうとはするはず。

工事する道路は偏らせるべき？
- Kがあるので、その可能性が高い。


commit ca9382a:
0000.txt  791 2277 11 361       40         10226100
0001.txt  623 1146 25  70       84         14887537
0002.txt  898 1576  8 356       40       1727208638
0003.txt  830 1605 12 209       42       1029917307
0004.txt  700 1500 14 112       62        219997209
0005.txt  566 1350 27  56       90        137119677
0006.txt  647 1376 28  70       69          8052192
0007.txt  518 1094 18  77      122         13565541
0008.txt  814 1817 26  84       38          7142884
0009.txt  776 1428 20 133       52        146287326
0010.txt  576 1066  8 264      103       1787695879
0011.txt  503 1036 14  86      127         18283105
0012.txt  657 1167  5 312       72      23000023092
0013.txt  754 1949 28 116       41          4633530
0014.txt  811 1519 17 128       45        164495790
0015.txt  663 1225 25  87       72        133436209
0016.txt  785 1453 27  61       46         12384897
0017.txt  856 1570 29  80       36         92961389
0018.txt  656 1728 22  92       61          5779807
0019.txt  897 1569 22 101       35        623652891
0020.txt  661 1453 12 241       72         19317015
0021.txt  772 1349  5 384       53      14032030923
0022.txt  607 1174 14 104       87        260102471
0023.txt  824 1493  7 240       46       3527781524
0024.txt  625 1702 14 175       71          8939912
0025.txt  520 1053 23  52      123        178927432
0026.txt  562 1236 13 108      101         17501382
0027.txt  610 1323 22  96       81        159102475
0028.txt  650 1282 29  66       71          9445831
0029.txt  636 1477 27  64       69          6516145
0030.txt  989 2757 22 162       19          4874975
0031.txt  514  964 21  79      129         17329754
0032.txt  517  866  5 310      133      19410955979
0033.txt  713 1414 13 190       62        455556382
0034.txt  802 1339  7 221       53       6484835994
0035.txt  586 1593 30  97       77          3884397
0036.txt  552  966  6 267      113       9069175843
0037.txt  786 2218 27 120       33          3831018
0038.txt  681 1376 29  56       61          9221521
0039.txt  922 2623 11 368       28        207282362
0040.txt  902 2317 12 288       31        196634884
0041.txt  652 1257  6 283       74       7203990260
0042.txt  780 1404 25  58       50        220128067
0043.txt  667 1161  8 235       73       2314804088
0044.txt  548 1302 28  67       98          6100916
0045.txt  773 1585 15 139       51         17785792
0046.txt  513 1191 17 131      121         10821670
0047.txt 1000 2701 19 246       20          6020891
0048.txt  740 1280 11 123       64       1752606954
0049.txt  813 1782 21 121       38        126759968
0050.txt  876 2562 15 174       27          6608138
0051.txt  708 1342 17  89       62         19988963
0052.txt  843 2353 29 146       26          3684972
0053.txt  771 2208  5 545       45         28492373
0054.txt  639 1762 17 170       65          6833330
0055.txt  840 1805 20  93       37         10599596
0056.txt  713 1399 25  63       58         11269054
0057.txt  813 2132 16 217       39          7800890
0058.txt  786 1359 28  82       49         16159664
0059.txt  857 1604 16 139       39        456723049
0060.txt  611 1053 21  83       94         23065518
0061.txt  642 1769 25 113       62          4414582
0062.txt  641 1681  6 484       70       1067214884
0063.txt  599 1153 15  84       94         21841853
0064.txt  513 1088  7 301      123        594506607
0065.txt  769 2262 30 147       34          3173848
0066.txt  594 1023 14 147       95        993897478
0067.txt  779 2106 19 216       39          6345100
0068.txt  704 1203 30  63       61         15301439
0069.txt  681 1176 11 117       72       2707857516
0070.txt  916 2258 11 385       31        411140415
0071.txt  512  947 17 103      135        480492780
0072.txt  594 1172 14 156       93         20867074
0073.txt  968 2607 12 276       26        182776760
0074.txt  990 2882 14 253       21          7054182
0075.txt  932 1619 21 131       34        122892277
0076.txt  765 1384 13 126       57        835702863
0077.txt  812 1556 24  73       43         13330669
0078.txt  737 1858 21 139       48          6811086
0079.txt  853 2270  5 633       36       1907116019
0080.txt  518  917 25  67      131         16716720
0081.txt  954 2107 18 189       27        127475092
0082.txt  684 1590 25 108       56          7005208
0083.txt  794 1783 16 169       45         12028792
0084.txt  847 1586 29  68       36         10588952
0085.txt  749 1809 16 115       50        176773378
0086.txt  587 1300 28  84       86          7315076
0087.txt  814 2262 14 292       38          8350891
0088.txt  901 2277 15 261       31          9545294
0089.txt  750 2201  8 439       48         13952489
0090.txt  677 1352 17 130       68         15429703
0091.txt  506  892  5 304      133      18175153490
0092.txt  822 1433 15 179       48        514162600
0093.txt  644 1842  9 211       66         13216330
0094.txt  655 1106 14 152       80       1555704840
0095.txt  832 2032  5 729       39       3883257082
0096.txt  576 1061  5 417       92      23383162263
0097.txt  758 1487 11 215       56        984650342
0098.txt  893 1572 29 107       33         13157845
0099.txt  894 1963 30 108       26          6526178


↑を制限時間10分で実行
結果はout1
0000.txt  791 2277 11 361     5464          9827278
0001.txt  623 1146 25  70    11446         13770656
0002.txt  898 1576  8 356     5095         47724563
0003.txt  830 1605 12 209     5916         24196989
0004.txt  700 1500 14 112     8053         15186066
0005.txt  566 1350 27  56    12252          5951113
0006.txt  647 1376 28  70     9868          7893574
0007.txt  518 1094 18  77    15427         12127526
0008.txt  814 1817 26  84     5967          7108988
0009.txt  776 1428 20 133     7162         16215033


commit 5f166cb51fe66903e834450b4ec4d0eabb38426e

0000.txt  791 2277 11 361    37632          3072574          8406576
0001.txt  623 1146 25  70    63232          5576586         11463114
0002.txt  898 1576  8 356    42240         16307072         44117717
0003.txt  830 1605 12 209    44032          8218434         21247599
0004.txt  700 1500 14 112    49664          5049210         13002113
0005.txt  566 1350 27  56    59648          2553830          5254469
0006.txt  647 1376 28  70    54784          3363701          6826868
0007.txt  518 1094 18  77    70912          5290092         11816361
0008.txt  814 1817 26  84    41984          2615782          6257622
0009.txt  776 1428 20 133    49408          6883790         13906181
0010.txt  576 1066  8 264    66560         20518632         40810805
0011.txt  503 1036 14  86    72704          7489139         15030924
0012.txt  657 1167  5 312    57600         27176153         81140059
0013.txt  754 1949 28 116    41984          2173321          3941931
0014.txt  811 1519 17 128    45824          8883906         15228313
0015.txt  663 1225 25  87    58368          4358874         10688367
0016.txt  785 1453 27  61    47360          4316319          9678462
0017.txt  856 1570 29  80    42240          4598402          9880822
0018.txt  656 1728 22  92    46336          2343346          4906727
0019.txt  897 1569 22 101    43008          5948295         14206847
0020.txt  661 1453 12 241    51712          5671813         14904095
0021.txt  772 1349  5 384    50688         25615892         83605295
0022.txt  607 1174 14 104    60928          7108108         19180043
0023.txt  824 1493  7 240    45312         17335355         49336116
0024.txt  625 1702 14 175    50432          3240407          7669765
0025.txt  520 1053 23  52    70912          4534972          9483735
0026.txt  562 1236 13 108    62976          6856072         14436232
0027.txt  610 1323 22  96    57856          4233805          8355613
0028.txt  650 1282 29  66    57344          3360148          7493779
0029.txt  636 1477 27  64    53504          3159462          5424966
0030.txt  989 2757 22 162    29952          2187268          4327000
0031.txt  514  964 21  79    74752          5449930         13626270
0032.txt  517  866  5 310    80384         44781781        111388351
0033.txt  713 1414 13 190    50176         11050664         18983851
0034.txt  802 1339  7 221    49152         21202948         60274830
0035.txt  586 1593 30  97    55040          1599345          3363509
0036.txt  552  966  6 267    72960         22088812         68572111
0037.txt  786 2218 27 120    38656          1694863          3329885
0038.txt  681 1376 29  56    52992          3393904          7230165
0039.txt  922 2623 11 368    32000          4021403          8112724
0040.txt  902 2317 12 288    34048          4419895          9735027
0041.txt  652 1257  6 283    56064         19724949         50223997
0042.txt  780 1404 25  58    49408          5357286         12525398
0043.txt  667 1161  8 235    58112         20480415         47391207
0044.txt  548 1302 28  67    62976          2180590          5156540
0045.txt  773 1585 15 139    45056          5402542         13118400
0046.txt  513 1191 17 131    66048          3593162          8936189
0047.txt 1000 2701 19 246    29952          2503347          5345579
0048.txt  740 1280 11 123    53504         12211271         33026602
0049.txt  813 1782 21 121    41472          3844178          8044299
0050.txt  876 2562 15 174    33024          2532394          5599467
0051.txt  708 1342 17  89    52992          7334527         16004432
0052.txt  843 2353 29 146    35840          1736365          3361144
0053.txt  771 2208  5 545    36352          8544068         21002159
0054.txt  639 1762 17 170    48896          3084839          5735853
0055.txt  840 1805 20  93    39936          4619411          8732481
0056.txt  713 1399 25  63    50176          4908677          9142839
0057.txt  813 2132 16 217    38144          3520685          6674650
0058.txt  786 1359 28  82    49664          5163178         12316302
0059.txt  857 1604 16 139    41984          7393818         15845622
0060.txt  611 1053 21  83    66560          7185691         18558617
0061.txt  642 1769 25 113    49152          1974658          3842697
0062.txt  641 1681  6 484    47616          7699285         20544927
0063.txt  599 1153 15  84    63744          7273782         18035361
0064.txt  513 1088  7 301    69376         13226286         30656484
0065.txt  769 2262 30 147    39424          1496975          2840696
0066.txt  594 1023 14 147    68096         11230170         27751457
0067.txt  779 2106 19 216    39680          2091287          5252891
0068.txt  704 1203 30  63    57088          6053896         12871630
0069.txt  681 1176 11 117    57344         13675693         38768928
0070.txt  916 2258 11 385    33792          4413936         11816225
0071.txt  512  947 17 103    76544          6168552         17747952
0072.txt  594 1172 14 156    61952          7481224         16163067
0073.txt  968 2607 12 276    30976          3652309          8394003
0074.txt  990 2882 14 253    29184          2298195          6084718
0075.txt  932 1619 21 131    41728          7607000         18168481
0076.txt  765 1384 13 126    49664         11219048         25476692
0077.txt  812 1556 24  73    45312          5229904         10730722
0078.txt  737 1858 21 139    44032          3037084          5758023
0079.txt  853 2270  5 633    35072          8056353         24608002
0080.txt  518  917 25  67    77568          5898506         13770240
0081.txt  954 2107 18 189    35072          4571194          9184003
0082.txt  684 1590 25 108    48896          2818503          5986421
0083.txt  794 1783 16 169    43008          5270656          9949382
0084.txt  847 1586 29  68    42496          4656830          8222498
0085.txt  749 1809 16 115    44544          4106469          7818676
0086.txt  587 1300 28  84    60416          3307084          6238979
0087.txt  814 2262 14 292    35072          3410218          7014587
0088.txt  901 2277 15 261    34304          4132424          7865747
0089.txt  750 2201  8 439    39424          4160699         11783644
0090.txt  677 1352 17 130    52736          5189577         13102504
0091.txt  506  892  5 304    77824         31160223         80037358
0092.txt  822 1433 15 179    47360          8590526         21270021
0093.txt  644 1842  9 211    47104          4023200         10303436
0094.txt  655 1106 14 152    61952         10644638         29984789
0095.txt  832 2032  5 729    37888         11861190         32006692
0096.txt  576 1061  5 417    67584         26144748         71413240
0097.txt  758 1487 11 215    45824          7913426         20802624
0098.txt  893 1572 29 107    42752          4130536         10808935
0099.txt  894 1963 30 108    38912          2523110          5650767


commit 88fc00a
0000.txt  791 2277 11 361    10240       -199147269          6800129
0001.txt  623 1146 25  70    16640       -219103016         11052589
0002.txt  898 1576  8 356    11776    -313656433426         35792334
0003.txt  830 1605 12 209    11264    -208909368010         18528845
0004.txt  700 1500 14 112    13312     -36057432157         11441275
0005.txt  566 1350 27  56    15872     -18616782429          4606651
0006.txt  647 1376 28  70    14592        -98228638          6321231
0007.txt  518 1094 18  77    18176     -28050777885          8878790
0008.txt  814 1817 26  84    11264        -89525957          5561972
0009.txt  776 1428 20 133    13312     -25287344067         12190652
0010.txt  576 1066  8 264    17920    -314008533496         29859968
0011.txt  503 1036 14  86    19456       -393135857         11673835
0012.txt  657 1167  5 312    15616   -2684549190902         60910753
0013.txt  754 1949 28 116    11264        -56178160          3542565
0014.txt  811 1519 17 128    12544     -29772410142         14157639
0015.txt  663 1225 25  87    15360     -20206507399          9373380
0016.txt  785 1453 27  61    12800       -164934617          9744699
0017.txt  856 1570 29  80    11776     -17391843623          9459633
0018.txt  656 1728 22  92    13056        -84845754          4295065
0019.txt  897 1569 22 101    11776     -45739976910         13485534
0020.txt  661 1453 12 241    14080       -396820897         12358252
0021.txt  772 1349  5 384    13568   -1995830138132         65034553
0022.txt  607 1174 14 104    16384     -36208195540         15942761
0023.txt  824 1493  7 240    12288    -715773165899         37902266
0024.txt  625 1702 14 175    13312       -158370894          6028217
0025.txt  520 1053 23  52    19200     -21954167325          8782168
0026.txt  562 1236 13 108    16640       -359736990         11659710
0027.txt  610 1323 22  96    15360     -22896832961          7144056
0028.txt  650 1282 29  66    15360       -121832878          7161596
0029.txt  636 1477 27  64    14080        -87983739          4847789
0030.txt  989 2757 22 162     7936        -61319273          3855570
0031.txt  514  964 21  79    19968       -273392374         11944814
0032.txt  517  866  5 310    21504   -2687553643469         81280150
0033.txt  713 1414 13 190    13568     -77448789764         15860907
0034.txt  802 1339  7 221    13312   -1357795017017         50363714
0035.txt  586 1593 30  97    14336        -46431924          2973324
0036.txt  552  966  6 267    19456   -1002116706376         50672632
0037.txt  786 2218 27 120    10496        -44390775          2972785
0038.txt  681 1376 29  56    14336       -102046678          6960981
0039.txt  922 2623 11 368     8448     -45675013564          7084453
0040.txt  902 2317 12 288     9216     -41910092708          8396883
0041.txt  652 1257  6 283    15104   -1000555583259         38416037
0042.txt  780 1404 25  58    13312     -40229540451         11025340
0043.txt  667 1161  8 235    15872    -376633112418         37463230
0044.txt  548 1302 28  67    16896     -17957828704          4363197
0045.txt  773 1585 15 139    12288       -281856884         11984377
0046.txt  513 1191 17 131    17664     -29618129491          6895172
0047.txt 1000 2701 19 246     7936        -77935741          4791026
0048.txt  740 1280 11 123    14080    -137227787614         26445077
0049.txt  813 1782 21 121    11264     -23957054136          7267821
0050.txt  876 2562 15 174     9216       -108432140          4771942
0051.txt  708 1342 17  89    14336       -334978970         13894646
0052.txt  843 2353 29 146     9728        -40301055          2971575
0053.txt  771 2208  5 545     9984       -753314119         15981689
0054.txt  639 1762 17 170    13056       -118831593          4715417
0055.txt  840 1805 20  93    11264     -25177156683          7654387
0056.txt  713 1399 25  63    13824       -151061984          8266351
0057.txt  813 2132 16 217    10496       -133594732          5689477
0058.txt  786 1359 28  82    13568       -217068702         11974980
0059.txt  857 1604 16 139    11264     -94133514775         14470903
0060.txt  611 1053 21  83    17920       -391189785         16051300
0061.txt  642 1769 25 113    13056        -60824417          3294336
0062.txt  641 1681  6 484    12800    -167573014443         15285708
0063.txt  599 1153 15  84    16896     -67157899991         14369575
0064.txt  513 1088  7 301    18176     -72470317825         22385567
0065.txt  769 2262 30 147    10496        -36040537          2489762
0066.txt  594 1023 14 147    17920    -107905131369         22609867
0067.txt  779 2106 19 216    10752        -94390533          4664384
0068.txt  704 1203 30  63    15360       -203200642         11819100
0069.txt  681 1176 11 117    15360    -500895725730         32807296
0070.txt  916 2258 11 385     9472     -91227049439          9824717
0071.txt  512  947 17 103    20224     -59315092673         14589386
0072.txt  594 1172 14 156    16640       -435117222         13883356
0073.txt  968 2607 12 276     8448     -41871361229          7679127
0074.txt  990 2882 14 253     7936       -117717716          5281165
0075.txt  932 1619 21 131    11264     -47936533546         15847395
0076.txt  765 1384 13 126    13568    -193054780197         20042892
0077.txt  812 1556 24  73    12288       -163078640         10121946
0078.txt  737 1858 21 139    11520       -101879328          5205411
0079.txt  853 2270  5 633     9472    -400896804247         18870788
0080.txt  518  917 25  67    20480       -258839291         12207469
0081.txt  954 2107 18 189     9728     -27956466932          8356808
0082.txt  684 1590 25 108    13056        -95390986          5234785
0083.txt  794 1783 16 169    11520       -199380464          8708475
0084.txt  847 1586 29  68    11520       -128097657          8160071
0085.txt  749 1809 16 115    12032     -31448766605          6899965
0086.txt  587 1300 28  84    16128        -89886576          5519066
0087.txt  814 2262 14 292     9984       -147806622          5873377
0088.txt  901 2277 15 261     9472       -150348519          6944927
0089.txt  750 2201  8 439    10752       -328766869          8823756
0090.txt  677 1352 17 130    14592       -264229582         11395708
0091.txt  506  892  5 304    21248   -2886262865935         58853104
0092.txt  822 1433 15 179    12800    -133933101682         19662815
0093.txt  644 1842  9 211    12288       -303509826          8357622
0094.txt  655 1106 14 152    16640    -143566652925         22726131
0095.txt  832 2032  5 729     9984    -701281860144         23381482
0096.txt  576 1061  5 417    17920   -1887983471990         52169452
0097.txt  758 1487 11 215    12544    -182292946836         17703245
0098.txt  893 1572 29 107    11776       -158604145         10518426
0099.txt  894 1963 30 108    10240        -69147323          5149858


https://snuke.hatenablog.com/entry/2021/02/22/102734


↑を10分
out2
0000.txt  791 2277 11 361  1213696       -987547477          4408250
0001.txt  623 1146 25  70  2046720      -6974489683          9421715
0002.txt  898 1576  8 356  1417984    -341422673105         30553973
0003.txt  830 1605 12 209  1443584    -222716892353         15606385
0004.txt  700 1500 14 112  1651712     -44177778316          9865363
0005.txt  566 1350 27  56  1969664     -19093942310          3413586
0006.txt  647 1376 28  70  1787136      -1976240114          4788193
0007.txt  518 1094 18  77  2319872     -31660626888          7684469
0008.txt  814 1817 26  84  1416704      -1235094694          4185484
0009.txt  776 1428 20 133  1661184     -31816109293         10635927
0010.txt  576 1066  8 264  2202112    -351259792453         27906667
0011.txt  503 1036 14  86  2404352      -5629225393         10068503
0012.txt  657 1167  5 312  1933568   -2693967233376         51134905
0013.txt  754 1949 28 116  1430528       -579674667          2501430

8頂点繋がったら、全部繋がってない？ → NG

中央部加重NG

commit 52ead3

0000.txt  791 2277 11 361    60672        -35167987          5326775
0001.txt  623 1146 25  70    80896        -52249567          9703658
0002.txt  898 1576  8 356    79360     -44083995464         32521252
0003.txt  830 1605 12 209    75776     -32001474866         15724463
0004.txt  700 1500 14 112    72448      -6544840385         10351077
0005.txt  566 1350 27  56    69632      -4181938901          3925753
0006.txt  647 1376 28  70    72704        -22138604          5381797
0007.txt  518 1094 18  77    74496      -6877871937          8425026
0008.txt  814 1817 26  84    70656        -19782346          4721981
0009.txt  776 1428 20 133    79616      -4154691796         11444030
0010.txt  576 1066  8 264    80384     -69251200580         27808842
0011.txt  503 1036 14  86    75776        -82430123         10967989
0012.txt  657 1167  5 312    80896    -514977396434         58922998
0013.txt  754 1949 28 116    65792        -13248772          3041631
0014.txt  811 1519 17 128    77824      -4673639447         12149102
0015.txt  663 1225 25  87    80384      -3878849591          8772488
0016.txt  785 1453 27  61    79616        -35237148          8154313
0017.txt  856 1570 29  80    79616      -2589471112          8672101
0018.txt  656 1728 22  92    65536        -19715858          3625582
0019.txt  897 1569 22 101    82176      -6388754323         11857176
0020.txt  661 1453 12 241    71680        -80164120         10548624
0021.txt  772 1349  5 384    82944    -312156167028         61824465
0022.txt  607 1174 14 104    78336      -7580669998         15100754
0023.txt  824 1493  7 240    79616    -110367334425         36318088
0024.txt  625 1702 14 175    64256        -32877063          5207571
0025.txt  520 1053 23  52    77824      -5364822893          7662575
0026.txt  562 1236 13 108    72448        -74286320         10656292
0027.txt  610 1323 22  96    72704      -4772922421          6458341
0028.txt  650 1282 29  66    77312        -30998448          6556552
0029.txt  636 1477 27  64    70400        -21430639          4065994
0030.txt  989 2757 22 162    60928        -12701597          3009764
0031.txt  514  964 21  79    81152        -71101490         11960421
0032.txt  517  866  5 310    91136    -661231738792         81134231
0033.txt  713 1414 13 190    75264     -13806794016         14552644
0034.txt  802 1339  7 221    87296    -215081615664         47155603
0035.txt  586 1593 30  97    65536        -13150156          2485020
0036.txt  552  966  6 267    84480    -210297502574         47629977
0037.txt  786 2218 27 120    63488        -10746464          2446189
0038.txt  681 1376 29  56    76800        -25486688          6125450
0039.txt  922 2623 11 368    60160      -6301355691          5563320
0040.txt  902 2317 12 288    64000      -5910651588          6746008
0041.txt  652 1257  6 283    76544    -195104424388         36492363
0042.txt  780 1404 25  58    80640      -6563571124         10228856
0043.txt  667 1161  8 235    84480     -71688165907         35500180
0044.txt  548 1302 28  67    70400      -4165912118          3809010
0045.txt  773 1585 15 139    73472        -54615439         10434866
0046.txt  513 1191 17 131    71680      -7337771234          6167092
0047.txt 1000 2701 19 246    60416        -15847260          3754746
0048.txt  740 1280 11 123    82944     -23328569940         24639271
0049.txt  813 1782 21 121    71168      -3750650529          6164668
0050.txt  876 2562 15 174    59904        -20198712          3841077
0051.txt  708 1342 17  89    79104        -73786074         12658323
0052.txt  843 2353 29 146    63488         -9881305          2431682
0053.txt  771 2208  5 545    58880       -128133689         12887405
0054.txt  639 1762 17 170    62976        -25537690          3953038
0055.txt  840 1805 20  93    71168      -3813277870          6477756
0056.txt  713 1399 25  63    76288        -35387202          7440442
0057.txt  813 2132 16 217    64000        -26097847          4723728
0058.txt  786 1359 28  82    84224        -41721899         10638119
0059.txt  857 1604 16 139    77312     -13970598891         12887029
0060.txt  611 1053 21  83    86528        -85924503         14033713
0061.txt  642 1769 25 113    64256        -15153721          2699153
0062.txt  641 1681  6 484    63744     -33202560572         13620626
0063.txt  599 1153 15  84    78080     -14238641338         13702777
0064.txt  513 1088  7 301    72192     -17907128137         20671040
0065.txt  769 2262 30 147    61696         -8870743          2060152
0066.txt  594 1023 14 147    86784     -23015639677         21195888
0067.txt  779 2106 19 216    64000        -19870319          3824420
0068.txt  704 1203 30  63    86016        -50292869         10643493
0069.txt  681 1176 11 117    83712     -93190796153         29175777
0070.txt  916 2258 11 385    65280     -12660792745          8195098
0071.txt  512  947 17 103    82432     -14656907142         14344255
0072.txt  594 1172 14 156    77824        -81921838         12720678
0073.txt  968 2607 12 276    61952      -5504073444          5783504
0074.txt  990 2882 14 253    59392        -21406494          4017332
0075.txt  932 1619 21 131    82432      -6547167196         13971839
0076.txt  765 1384 13 126    80128     -32068950083         17885900
0077.txt  812 1556 24  73    78336        -36056766          9007369
0078.txt  737 1858 21 139    66304        -21562906          4307630
0079.txt  853 2270  5 633    61184     -59751022872         15662208
0080.txt  518  917 25  67    84224        -71557123         11390919
0081.txt  954 2107 18 189    69632      -3731158676          6993656
0082.txt  684 1590 25 108    69888        -21565154          4470118
0083.txt  794 1783 16 169    68864        -40378205          7587023
0084.txt  847 1586 29  68    77568        -27227937          7386186
0085.txt  749 1809 16 115    67328      -5338500175          5762103
0086.txt  587 1300 28  84    72960        -23982600          4690702
0087.txt  814 2262 14 292    62464        -27093082          4674274
0088.txt  901 2277 15 261    64512        -29033351          5695020
0089.txt  750 2201  8 439    60160        -57504816          7124300
0090.txt  677 1352 17 130    75776        -55336092         10114946
0091.txt  506  892  5 304    84736    -728475353678         59003273
0092.txt  822 1433 15 179    83200     -20707188830         17763370
0093.txt  644 1842  9 211    61440        -57526852          6773984
0094.txt  655 1106 14 152    86528     -27691795868         21327562
0095.txt  832 2032  5 729    63744    -107019738006         19448127
0096.txt  576 1061  5 417    80896    -415869036802         50829419
0097.txt  758 1487 11 215    74752     -30591331347         15873547
0098.txt  893 1572 29 107    82688        -31193878          8921258
0099.txt  894 1963 30 108    69632        -15345521          4430799



commit dfaf04ee

0000.txt  791 2277 11 361     7936       -292233906          5599568
0001.txt  623 1146 25  70    13312       -405729221          9363689
0002.txt  898 1576  8 356    10496    -189516492552         31742663
0003.txt  830 1605 12 209     9472    -126031789899         15945571
0004.txt  700 1500 14 112    10752     -36195029381          9864624
0005.txt  566 1350 27  56    12288     -18678663350          3965520
0006.txt  647 1376 28  70    11776       -181209794          5407806
0007.txt  518 1094 18  77    14336       -495307772          8156302
0008.txt  814 1817 26  84     8960       -157380172          4960658
0009.txt  776 1428 20 133    10752     -25491955191         11449322
0010.txt  576 1066  8 264    15616     -65153196186         28215620
0011.txt  503 1036 14  86    15104       -498537916         10261114
0012.txt  657 1167  5 312    22272   -1401179561372         55328701
0013.txt  754 1949 28 116     8960       -106081755          3035107
0014.txt  811 1519 17 128     9728     -29976181290         12128843
0015.txt  663 1225 25  87    12288     -20348625665          8379483
0016.txt  785 1453 27  61     9984       -290048645          8417279
0017.txt  856 1570 29  80     9472       -292068056          8032984
0018.txt  656 1728 22  92    10240       -146741897          3585237
0019.txt  897 1569 22 101     9472     -23341579476         11489703
0020.txt  661 1453 12 241    11008       -609583484         10519508
0021.txt  772 1349  5 384    18944    -706188239808         56788281
0022.txt  607 1174 14 104    12800       -826981613         14653872
0023.txt  824 1493  7 240    12544    -217934496441         35822918
0024.txt  625 1702 14 175    10752       -233273008          5037130
0025.txt  520 1053 23  52    14848       -378101426          7656181
0026.txt  562 1236 13 108    12800       -554988535         10583275
0027.txt  610 1323 22  96    12288       -326388229          6307282
0028.txt  650 1282 29  66    12032       -221271725          6266378
0029.txt  636 1477 27  64    11264       -156798993          3977760
0030.txt  989 2757 22 162     6656       -106914788          3140137
0031.txt  514  964 21  79    15616       -476435172         10796829
0032.txt  517  866  5 310    28672   -2084847448889         74536075
0033.txt  713 1414 13 190    10752     -39277053887         14102670
0034.txt  802 1339  7 221    13568   -1002158968362         46482262
0035.txt  586 1593 30  97    11520        -88026978          2425553
0036.txt  552  966  6 267    21248    -588374782241         47300412
0037.txt  786 2218 27 120     8192        -78288212          2473952
0038.txt  681 1376 29  56    11520       -191047195          6220972
0039.txt  922 2623 11 368     6912     -45780769116          5826540
0040.txt  902 2317 12 288     7680     -42026130878          7038466
0041.txt  652 1257  6 283    17408    -669787919887         34156917
0042.txt  780 1404 25  58    10496       -441143442          9893123
0043.txt  667 1161  8 235    13824    -190236713696         34095592
0044.txt  548 1302 28  67    13056       -202908611          3627960
0045.txt  773 1585 15 139     9728       -447376564         10574749
0046.txt  513 1191 17 131    13568       -398794046          6187995
0047.txt 1000 2701 19 246     6400       -136941692          3891277
0048.txt  740 1280 11 123    11264     -47230686593         23943186
0049.txt  813 1782 21 121     8960     -24055333228          6289219
0050.txt  876 2562 15 174     7168       -159466887          3994314
0051.txt  708 1342 17  89    11264       -523290854         12069749
0052.txt  843 2353 29 146     7680        -73914980          2464455
0053.txt  771 2208  5 545    14336      -1074317424         12757960
0054.txt  639 1762 17 170    10496       -187126735          3905704
0055.txt  840 1805 20  93     8960     -25274731541          6517860
0056.txt  713 1399 25  63    10752       -267413986          7384857
0057.txt  813 2132 16 217     8192       -212593529          4860760
0058.txt  786 1359 28  82    10496       -365054061         10335411
0059.txt  857 1604 16 139     9216     -31946968806         12513762
0060.txt  611 1053 21  83    13312       -601669816         13970517
0061.txt  642 1769 25 113     9984       -100846634          2696345
0062.txt  641 1681  6 484    15360      -1579634143         13445118
0063.txt  599 1153 15  84    13312     -34124711492         13198997
0064.txt  513 1088  7 301    18432     -72922959442         20046933
0065.txt  769 2262 30 147     8192        -65811701          2026617
0066.txt  594 1023 14 147    14080     -37110333382         21074345
0067.txt  779 2106 19 216     8448       -157753905          3808023
0068.txt  704 1203 30  63    12288       -403688843         10475093
0069.txt  681 1176 11 117    12288    -275132909459         27898460
0070.txt  916 2258 11 385     7424     -91360827885          8405154
0071.txt  512  947 17 103    15872     -59527562466         13483414
0072.txt  594 1172 14 156    13056       -647830984         12502006
0073.txt  968 2607 12 276     6912     -41966932517          6200787
0074.txt  990 2882 14 253     6400       -182458979          4326534
0075.txt  932 1619 21 131     8960     -24378066655         13971612
0076.txt  765 1384 13 126    10752    -116589804672         17617042
0077.txt  812 1556 24  73     9984       -305980469          8969443
0078.txt  737 1858 21 139     9472       -171262882          4297743
0079.txt  853 2270  5 633    13568    -201863060391         15776807
0080.txt  518  917 25  67    15872       -476272630         11235746
0081.txt  954 2107 18 189     7424       -322489665          7008612
0082.txt  684 1590 25 108    10496       -170547333          4381472
0083.txt  794 1783 16 169     8960       -313726084          7443104
0084.txt  847 1586 29  68     9472       -229572877          7185373
0085.txt  749 1809 16 115     9472       -343382211          5881139
0086.txt  587 1300 28  84    12800       -171949652          4584247
0087.txt  814 2262 14 292     7936       -216544715          4751659
0088.txt  901 2277 15 261     7424       -241580707          5887516
0089.txt  750 2201  8 439     8704       -431483090          7306375
0090.txt  677 1352 17 130    11520       -466689603          9623924
0091.txt  506  892  5 304    28416   -1703363392416         56841498
0092.txt  822 1433 15 179    10240     -67670762291         17446535
0093.txt  644 1842  9 211    11264       -401967490          6967108
0094.txt  655 1106 14 152    12800     -72919849592         21104357
0095.txt  832 2032  5 729    14336    -402348337849         19191225
0096.txt  576 1061  5 417    24576    -700578718081         49301990
0097.txt  758 1487 11 215    10240     -91926334417         15980259
0098.txt  893 1572 29 107     9472       -289879621          9006084
0099.txt  894 1963 30 108     8448       -130180223          4310136

